-52.5 25.0 1.4
-52.5 12.5 1.4
-52.5 0.0 1.4
-52.5 -12.5 1.4
-52.5 -25.0 1.4
-35.0 37.5 1.4
-35.0 25.0 1.4
-35.0 12.5 1.4
-35.0 0.0 1.4
-35.0 -12.5 1.4
-35.0 -25.0 1.4
-35.0 -37.5 1.4
-17.5 37.5 1.4
-17.5 25.0 1.4
-17.5 12.5 1.4
-17.5 0.0 1.4
-17.5 -12.5 1.4
-17.5 -25.0 1.4
-17.5 -37.5 1.4
0.0 50.0 1.4
0.0 37.5 1.4
0.0 25.0 1.4
0.0 12.5 1.4
0.0 0.0 1.4
0.0 -12.5 1.4
0.0 -25.0 1.4
0.0 -37.5 1.4
0.0 -50.0 1.4
17.5 37.5 1.4
17.5 25.0 1.4
17.5 12.5 1.4
17.5 0.0 1.4
17.5 -12.5 1.4
17.5 -25.0 1.4
17.5 -37.5 1.4
35.0 37.5 1.4
35.0 25.0 1.4
35.0 12.5 1.4
35.0 0.0 1.4
35.0 -12.5 1.4
35.0 -25.0 1.4
35.0 -37.5 1.4
52.5 25.0 1.4
52.5 12.5 1.4
52.5 0.0 1.4
52.5 -12.5 1.4
52.5 -25.0 1.4
127.5 25.0 1.4
127.5 12.5 1.4
127.5 0.0 1.4
127.5 -12.5 1.4
127.5 -25.0 1.4
145.0 37.5 1.4
145.0 25.0 1.4
145.0 12.5 1.4
145.0 0.0 1.4
145.0 -12.5 1.4
145.0 -25.0 1.4
145.0 -37.5 1.4
162.5 37.5 1.4
162.5 25.0 1.4
162.5 12.5 1.4
162.5 0.0 1.4
162.5 -12.5 1.4
162.5 -25.0 1.4
162.5 -37.5 1.4
180.0 50.0 1.4
180.0 37.5 1.4
180.0 25.0 1.4
180.0 12.5 1.4
180.0 0.0 1.4
180.0 -12.5 1.4
180.0 -25.0 1.4
180.0 -37.5 1.4
180.0 -50.0 1.4
197.5 37.5 1.4
197.5 25.0 1.4
197.5 12.5 1.4
197.5 0.0 1.4
197.5 -12.5 1.4
197.5 -25.0 1.4
197.5 -37.5 1.4
215.0 37.5 1.4
215.0 25.0 1.4
215.0 12.5 1.4
215.0 0.0 1.4
215.0 -12.5 1.4
215.0 -25.0 1.4
215.0 -37.5 1.4
232.5 25.0 1.4
232.5 12.5 1.4
232.5 0.0 1.4
232.5 -12.5 1.4
232.5 -25.0 1.4
