304.8 14.9 1.4
306.8 7.6 1.4
307.5 0.0 1.4
306.8 -7.6 1.4
304.8 -14.9 1.4
318.5 29.9 1.4
322.2 20.2 1.4
324.2 10.2 1.4
325.0 0.0 1.4
324.2 -10.2 1.4
322.2 -20.2 1.4
318.5 -29.9 1.4
338.2 35.5 1.4
340.8 23.8 1.4
342.0 11.9 1.4
342.5 0.0 1.4
342.0 -11.9 1.4
340.8 -23.8 1.4
338.2 -35.5 1.4
0.0 37.5 1.4
0.0 25.0 1.4
0.0 12.5 1.4
0.0 0.0 1.4
0.0 -12.5 1.4
0.0 -25.0 1.4
0.0 -37.5 1.4
21.7 35.5 1.4
19.2 23.8 1.4
17.9 11.9 1.4
17.5 0.0 1.4
17.9 -11.9 1.4
19.2 -23.8 1.4
21.7 -35.5 1.4
41.4 29.9 1.4
37.7 20.2 1.4
35.7 10.2 1.4
35.0 0.0 1.4
35.7 -10.2 1.4
37.7 -20.2 1.4
41.4 -29.9 1.4
55.2 14.9 1.4
53.2 7.6 1.4
52.5 0.0 1.4
53.2 -7.6 1.4
55.2 -14.9 1.4
40.2 19.6 1.4
38.2 9.9 1.4
37.5 0.0 1.4
38.2 -9.9 1.4
40.2 -19.6 1.4
60.9 20.4 1.4
57.6 14.0 1.4
55.7 7.1 1.4
55.0 0.0 1.4
55.7 -7.1 1.4
57.6 -14.0 1.4
60.9 -20.4 1.4
75.9 10.5 1.4
74.1 7.3 1.4
72.9 3.7 1.4
72.5 0.0 1.4
72.9 -3.7 1.4
74.1 -7.3 1.4
75.9 -10.5 1.4
90.0 0.0 1.4
90.0 0.0 1.4
90.0 0.0 1.4
90.0 0.0 1.4
90.0 0.0 1.4
90.0 0.0 1.4
90.0 0.0 1.4
104.1 -10.5 1.4
105.9 -7.3 1.4
107.1 -3.7 1.4
107.5 0.0 1.4
107.1 3.7 1.4
105.9 7.3 1.4
104.1 10.5 1.4
119.1 -20.4 1.4
122.4 -14.0 1.4
124.4 -7.1 1.4
125.0 0.0 1.4
124.4 7.1 1.4
122.4 14.0 1.4
119.1 20.4 1.4
139.8 -19.6 1.4
141.9 -9.9 1.4
142.5 0.0 1.4
141.9 9.9 1.4
139.8 19.6 1.4
124.8 -14.9 1.4
126.8 -7.6 1.4
127.5 0.0 1.4
126.8 7.6 1.4
124.8 14.9 1.4
138.6 -29.9 1.4
142.2 -20.2 1.4
144.4 -10.2 1.4
145.0 -0.0 1.4
144.4 10.2 1.4
142.2 20.2 1.4
138.6 29.9 1.4
158.4 -35.5 1.4
160.9 -23.8 1.4
162.1 -11.9 1.4
162.5 -0.0 1.4
162.1 11.9 1.4
160.9 23.8 1.4
158.4 35.5 1.4
180.0 -37.5 1.4
180.0 -25.0 1.4
180.0 -12.5 1.4
180.0 -0.0 1.4
180.0 12.5 1.4
180.0 25.0 1.4
180.0 37.5 1.4
201.6 -35.5 1.4
199.1 -23.8 1.4
197.9 -11.9 1.4
197.5 -0.0 1.4
197.9 11.9 1.4
199.1 23.8 1.4
201.6 35.5 1.4
221.4 -29.9 1.4
217.8 -20.2 1.4
215.6 -10.2 1.4
215.0 -0.0 1.4
215.6 10.2 1.4
217.8 20.2 1.4
221.4 29.9 1.4
235.1 -14.9 1.4
233.1 -7.6 1.4
232.5 0.0 1.4
233.1 7.6 1.4
235.1 14.9 1.4
220.2 -19.6 1.4
218.1 -9.9 1.4
217.5 0.0 1.4
218.1 9.9 1.4
220.2 19.6 1.4
241.0 -20.4 1.4
237.6 -14.0 1.4
235.6 -7.1 1.4
235.0 0.0 1.4
235.6 7.1 1.4
237.6 14.0 1.4
241.0 20.4 1.4
256.0 -10.5 1.4
254.0 -7.3 1.4
252.9 -3.7 1.4
252.5 0.0 1.4
252.9 3.7 1.4
254.0 7.3 1.4
256.0 10.5 1.4
270.0 -0.0 1.4
270.0 -0.0 1.4
270.0 0.0 1.4
270.0 0.0 1.4
270.0 0.0 1.4
270.0 0.0 1.4
270.0 0.0 1.4
284.0 10.5 1.4
286.0 7.3 1.4
287.0 3.7 1.4
287.5 0.0 1.4
287.0 -3.7 1.4
286.0 -7.3 1.4
284.0 -10.5 1.4
299.0 20.4 1.4
302.5 14.0 1.4
304.2 7.1 1.4
305.0 0.0 1.4
304.2 -7.1 1.4
302.5 -14.0 1.4
299.0 -20.4 1.4
319.8 19.6 1.4
321.8 9.9 1.4
322.5 0.0 1.4
321.8 -9.9 1.4
319.8 -19.6 1.4
