-52.5 25.0 1.4
-52.5 12.5 1.4
-52.5 0.0 1.4
-52.5 -12.5 1.4
-52.5 -25.0 1.4
-35.0 37.5 1.4
-35.0 25.0 1.4
-35.0 12.5 1.4
-35.0 0.0 1.4
-35.0 -12.5 1.4
-35.0 -25.0 1.4
-35.0 -37.5 1.4
-17.5 37.5 1.4
-17.5 25.0 1.4
-17.5 12.5 1.4
-17.5 0.0 1.4
-17.5 -12.5 1.4
-17.5 -25.0 1.4
-17.5 -37.5 1.4
0.0 50.0 1.4
0.0 37.5 1.4
0.0 25.0 1.4
0.0 12.5 1.4
0.0 0.0 1.4
0.0 -12.5 1.4
0.0 -25.0 1.4
0.0 -37.5 1.4
0.0 -50.0 1.4
17.5 37.5 1.4
17.5 25.0 1.4
17.5 12.5 1.4
17.5 0.0 1.4
17.5 -12.5 1.4
17.5 -25.0 1.4
17.5 -37.5 1.4
35.0 37.5 1.4
35.0 25.0 1.4
35.0 12.5 1.4
35.0 0.0 1.4
35.0 -12.5 1.4
35.0 -25.0 1.4
35.0 -37.5 1.4
52.5 25.0 1.4
52.5 12.5 1.4
52.5 0.0 1.4
52.5 -12.5 1.4
52.5 -25.0 1.4
