0.0 -52.5 25.0 1.4
1.0 -52.5 12.5 1.4
2.0 -52.5 0.0 1.4
3.0 -52.5 -12.5 1.4
4.0 -52.5 -25.0 1.4
5.0 -35.0 37.5 1.4
6.0 -35.0 25.0 1.4
7.0 -35.0 12.5 1.4
8.0 -35.0 0.0 1.4
9.0 -35.0 -12.5 1.4
10.0 -35.0 -25.0 1.4
11.0 -35.0 -37.5 1.4
12.0 -17.5 37.5 1.4
13.0 -17.5 25.0 1.4
14.0 -17.5 12.5 1.4
15.0 -17.5 0.0 1.4
16.0 -17.5 -12.5 1.4
17.0 -17.5 -25.0 1.4
18.0 -17.5 -37.5 1.4
19.0 0.0 50.0 1.4
20.0 0.0 37.5 1.4
21.0 0.0 25.0 1.4
22.0 0.0 12.5 1.4
23.0 0.0 0.0 1.4
24.0 0.0 -12.5 1.4
25.0 0.0 -25.0 1.4
26.0 0.0 -37.5 1.4
27.0 0.0 -50.0 1.4
28.0 17.5 37.5 1.4
29.0 17.5 25.0 1.4
30.0 17.5 12.5 1.4
31.0 17.5 0.0 1.4
32.0 17.5 -12.5 1.4
33.0 17.5 -25.0 1.4
34.0 17.5 -37.5 1.4
35.0 35.0 37.5 1.4
36.0 35.0 25.0 1.4
37.0 35.0 12.5 1.4
38.0 35.0 0.0 1.4
39.0 35.0 -12.5 1.4
40.0 35.0 -25.0 1.4
41.0 35.0 -37.5 1.4
42.0 52.5 25.0 1.4
43.0 52.5 12.5 1.4
44.0 52.5 0.0 1.4
45.0 52.5 -12.5 1.4
46.0 52.5 -25.0 1.4
47.0 127.5 25.0 1.4
48.0 127.5 12.5 1.4
49.0 127.5 0.0 1.4
50.0 127.5 -12.5 1.4
51.0 127.5 -25.0 1.4
52.0 145.0 37.5 1.4
53.0 145.0 25.0 1.4
54.0 145.0 12.5 1.4
55.0 145.0 0.0 1.4
56.0 145.0 -12.5 1.4
57.0 145.0 -25.0 1.4
58.0 145.0 -37.5 1.4
59.0 162.5 37.5 1.4
60.0 162.5 25.0 1.4
61.0 162.5 12.5 1.4
62.0 162.5 0.0 1.4
63.0 162.5 -12.5 1.4
64.0 162.5 -25.0 1.4
65.0 162.5 -37.5 1.4
66.0 180.0 50.0 1.4
67.0 180.0 37.5 1.4
68.0 180.0 25.0 1.4
69.0 180.0 12.5 1.4
70.0 180.0 0.0 1.4
71.0 180.0 -12.5 1.4
72.0 180.0 -25.0 1.4
73.0 180.0 -37.5 1.4
74.0 180.0 -50.0 1.4
75.0 197.5 37.5 1.4
76.0 197.5 25.0 1.4
77.0 197.5 12.5 1.4
78.0 197.5 0.0 1.4
79.0 197.5 -12.5 1.4
80.0 197.5 -25.0 1.4
81.0 197.5 -37.5 1.4
82.0 215.0 37.5 1.4
83.0 215.0 25.0 1.4
84.0 215.0 12.5 1.4
85.0 215.0 0.0 1.4
86.0 215.0 -12.5 1.4
87.0 215.0 -25.0 1.4
88.0 215.0 -37.5 1.4
89.0 232.5 25.0 1.4
90.0 232.5 12.5 1.4
91.0 232.5 0.0 1.4
92.0 232.5 -12.5 1.4
93.0 232.5 -25.0 1.4
